*Parameters
ProblemName RBWQN40A160C120W2MM_S3861
netGenMethod 2
netConnMethod 1
comGenMethod 1
weightlimitGenMethod 0
num_weights 2
num_nodes 40
num_arcs 160
num_commodities 120
seed_num 3861
arc_span 2
num_comm_hop_lb 1
num_comm_hop_ub 1
q_lb 15.00
q_ub 25.00
rw_lb 0.00
rw_ub 1.00
demand_lb 1.00
demand_ub 1.00
variableCostAlpha 0.10
variableCostBeta 0.10000
rewire_ratio 0.10
euc_random_ratio 0.50
Fcost_random_ratio 0.50
cost_scale 100
weight_scale 200
*Commodities: Index fromNode toNode demand weightLimit(s) qthValue
1 18 25 1.000 693 641 16
2 30 5 1.000 474 769 20
3 35 37 1.000 520 817 25
4 28 9 1.000 704 732 18
5 36 21 1.000 833 906 20
6 6 9 1.000 698 667 23
7 21 27 1.000 803 352 22
8 38 23 1.000 734 715 23
9 30 2 1.000 799 479 16
10 3 29 1.000 802 431 16
11 2 39 1.000 754 595 19
12 25 29 1.000 792 487 20
13 15 8 1.000 661 598 25
14 17 28 1.000 726 1031 16
15 3 13 1.000 603 699 15
16 14 19 1.000 539 631 21
17 16 6 1.000 546 874 19
18 8 15 1.000 607 573 17
19 28 36 1.000 647 724 15
20 10 17 1.000 661 536 19
21 16 15 1.000 653 772 23
22 39 20 1.000 628 549 24
23 39 23 1.000 639 728 17
24 25 23 1.000 739 746 22
25 39 9 1.000 666 477 17
26 29 38 1.000 817 451 25
27 14 23 1.000 796 679 21
28 29 4 1.000 825 891 22
29 18 38 1.000 811 558 19
30 7 30 1.000 1076 841 21
31 12 3 1.000 871 673 23
32 10 19 1.000 568 530 23
33 20 19 1.000 547 597 18
34 18 12 1.000 810 734 18
35 30 33 1.000 837 537 18
36 26 22 1.000 497 946 25
37 28 4 1.000 822 1000 15
38 23 1 1.000 579 824 15
39 4 8 1.000 719 514 21
40 9 39 1.000 764 641 20
41 16 2 1.000 774 651 20
42 16 20 1.000 742 702 22
43 23 13 1.000 658 737 23
44 38 33 1.000 661 664 22
45 16 27 1.000 469 940 17
46 24 15 1.000 537 566 15
47 27 1 1.000 575 919 19
48 1 12 1.000 791 692 25
49 40 4 1.000 891 880 21
50 6 40 1.000 606 634 18
51 34 4 1.000 969 1162 25
52 17 38 1.000 743 747 19
53 9 27 1.000 656 646 16
54 5 7 1.000 737 602 15
55 40 33 1.000 762 631 24
56 33 15 1.000 740 461 22
57 25 22 1.000 562 777 17
58 33 19 1.000 443 653 19
59 33 36 1.000 669 594 22
60 39 13 1.000 738 906 15
61 22 37 1.000 875 638 15
62 5 23 1.000 639 822 18
63 33 13 1.000 721 628 21
64 24 7 1.000 766 587 21
65 18 10 1.000 763 614 17
66 15 3 1.000 637 421 15
67 24 13 1.000 772 558 16
68 12 21 1.000 784 728 19
69 28 5 1.000 689 601 19
70 7 8 1.000 647 889 16
71 38 29 1.000 737 455 20
72 7 10 1.000 720 788 19
73 18 30 1.000 662 935 25
74 21 17 1.000 413 662 15
75 22 39 1.000 728 826 23
76 40 38 1.000 509 717 21
77 3 15 1.000 539 683 22
78 39 30 1.000 649 586 16
79 29 26 1.000 691 446 22
80 7 35 1.000 793 865 15
81 36 13 1.000 823 887 16
82 26 13 1.000 570 751 16
83 9 22 1.000 702 768 21
84 27 33 1.000 648 714 19
85 36 23 1.000 920 968 21
86 34 18 1.000 618 1015 16
87 31 35 1.000 766 553 15
88 38 27 1.000 705 581 23
89 27 31 1.000 684 617 22
90 33 29 1.000 726 447 24
91 8 28 1.000 715 692 20
92 5 1 1.000 642 856 15
93 19 40 1.000 655 717 19
94 22 4 1.000 951 1082 24
95 31 33 1.000 744 561 21
96 23 22 1.000 586 830 18
97 23 35 1.000 550 821 20
98 27 2 1.000 665 628 16
99 29 19 1.000 659 507 22
100 24 9 1.000 765 477 18
101 37 13 1.000 721 1001 21
102 15 5 1.000 510 560 24
103 36 6 1.000 929 737 15
104 22 31 1.000 746 607 22
105 17 23 1.000 823 892 21
106 24 36 1.000 627 657 20
107 32 10 1.000 794 487 20
108 27 37 1.000 688 606 20
109 16 34 1.000 663 869 15
110 24 2 1.000 557 776 23
111 26 1 1.000 749 700 19
112 3 28 1.000 632 846 15
113 34 27 1.000 772 927 18
114 29 16 1.000 863 487 22
115 27 4 1.000 793 958 19
116 14 33 1.000 698 740 24
117 6 21 1.000 787 466 18
118 13 28 1.000 809 642 25
119 38 3 1.000 688 489 19
120 40 1 1.000 769 703 15
*Arcs: Index fromNode toNode fixedCost variableCost Weight(s)
1 38 19 9 1 198 258
2 19 21 35 5 250 113
3 38 33 42 8 171 250
4 38 25 25 3 120 249
5 33 28 60 4 113 68
6 25 40 53 4 102 76
7 38 10 35 5 144 133
8 21 14 49 4 225 170
9 33 8 41 8 179 181
10 21 39 43 1 124 201
11 38 2 48 6 215 64
12 40 16 15 1 238 253
13 40 18 61 3 46 158
14 21 32 69 6 125 76
15 25 1 57 5 87 193
16 33 4 41 1 231 247
17 14 5 65 11 159 48
18 25 35 72 7 131 160
19 35 11 65 4 116 126
20 10 27 54 6 54 238
21 8 23 56 4 117 116
22 2 34 40 5 115 235
23 38 24 54 2 46 89
24 4 6 50 8 233 100
25 23 22 67 4 42 171
26 25 9 87 8 147 164
27 11 37 25 2 193 140
28 8 15 64 11 35 163
29 14 26 79 14 174 136
30 33 30 57 5 79 107
31 39 13 63 5 58 59
32 39 12 75 7 125 200
33 8 7 63 4 206 220
34 15 31 58 2 135 166
35 23 3 56 4 185 90
36 3 29 52 5 193 92
37 37 36 5 1 221 188
38 15 20 21 4 145 106
39 3 17 39 2 213 137
40 19 38 38 4 232 228
41 21 38 61 10 75 67
42 33 38 40 8 206 99
43 25 19 53 9 98 67
44 28 19 36 2 232 223
45 40 25 57 1 67 232
46 10 33 52 4 158 76
47 14 10 72 4 100 194
48 8 19 57 11 158 160
49 39 25 61 10 224 204
50 2 8 49 9 164 61
51 16 33 39 5 126 144
52 18 33 42 4 239 253
53 32 40 28 4 88 249
54 1 16 73 9 128 107
55 4 33 37 5 216 222
56 5 21 19 3 181 167
57 35 18 47 9 239 172
58 11 38 64 11 156 118
59 27 25 49 7 182 241
60 23 14 65 6 51 67
61 34 5 20 3 136 271
62 24 2 14 3 243 266
63 6 10 59 6 78 211
64 22 25 62 10 201 90
65 9 11 83 15 128 171
66 37 6 42 4 143 162
67 15 19 69 12 71 31
68 26 15 57 8 122 106
69 30 8 33 2 212 157
70 13 5 45 8 138 131
71 12 34 41 3 60 254
72 7 30 80 5 194 185
73 31 7 80 15 159 55
74 3 6 59 2 180 188
75 29 3 37 3 114 98
76 36 24 17 2 185 256
77 20 5 19 3 163 194
78 17 3 80 11 94 185
79 28 40 54 6 44 100
80 5 6 48 5 193 185
81 24 14 24 1 241 161
82 13 26 44 8 206 94
83 19 36 39 3 238 86
84 8 35 46 9 190 68
85 15 39 41 7 92 97
86 24 21 44 3 167 78
87 29 14 62 3 147 63
88 18 5 54 3 163 58
89 32 18 60 5 138 72
90 10 26 43 6 249 74
91 23 24 59 7 137 229
92 33 9 12 2 221 123
93 31 14 72 2 139 34
94 14 29 59 7 208 153
95 39 22 49 6 62 187
96 3 14 77 4 50 61
97 31 36 75 10 65 172
98 7 37 41 7 121 88
99 29 8 38 3 121 75
100 4 15 59 1 75 116
101 16 30 81 15 131 210
102 22 37 29 2 97 100
103 1 25 74 12 89 207
104 23 36 29 2 167 142
105 8 20 51 7 217 79
106 1 19 70 5 30 112
107 13 21 83 10 10 19
108 6 12 46 7 230 123
109 30 12 51 2 139 97
110 15 18 63 2 189 179
111 31 20 42 7 102 84
112 20 27 65 8 35 86
113 11 29 47 6 136 126
114 24 31 51 4 53 199
115 35 2 50 9 78 109
116 11 6 68 6 36 172
117 27 29 73 12 86 23
118 9 13 43 1 191 138
119 35 27 34 2 159 92
120 36 7 43 2 242 157
121 9 5 50 9 138 246
122 39 6 60 3 175 86
123 15 32 73 10 204 92
124 26 2 56 1 49 201
125 5 37 70 7 114 203
126 6 29 43 4 72 211
127 5 25 66 8 217 47
128 6 11 64 1 164 62
129 9 12 21 3 227 234
130 24 22 42 1 71 176
131 18 32 51 4 205 223
132 4 8 52 3 190 46
133 29 11 59 12 54 227
134 5 16 69 13 179 97
135 32 12 23 3 229 229
136 3 26 48 9 147 164
137 2 33 36 2 194 236
138 8 3 24 5 165 238
139 32 31 89 6 96 38
140 4 21 52 1 205 53
141 5 17 82 4 29 32
142 39 15 78 12 80 73
143 1 31 42 5 136 143
144 13 31 59 9 207 215
145 40 3 39 3 131 178
146 30 14 70 6 120 46
147 2 25 63 3 43 95
148 22 4 43 8 237 220
149 15 9 41 3 63 231
150 12 38 31 3 201 152
151 26 31 37 7 231 133
152 30 23 56 7 133 231
153 31 15 73 8 163 144
154 8 14 35 5 136 199
155 21 26 75 13 61 47
156 10 40 58 2 71 118
157 40 15 44 1 157 163
158 20 3 33 3 129 95
159 31 34 63 8 56 188
160 6 5 73 7 56 171
