*Parameters
ProblemName RBWQN80A320C240W2MM_S6371
netGenMethod 2
netConnMethod 1
comGenMethod 1
weightlimitGenMethod 0
num_weights 2
num_nodes 80
num_arcs 320
num_commodities 240
seed_num 6371
arc_span 2
num_comm_hop_lb 1
num_comm_hop_ub 1
q_lb 15.00
q_ub 25.00
rw_lb 0.00
rw_ub 1.00
demand_lb 1.00
demand_ub 1.00
variableCostAlpha 0.10
variableCostBeta 0.10000
rewire_ratio 0.10
euc_random_ratio 0.50
Fcost_random_ratio 0.50
cost_scale 100
weight_scale 200
*Commodities: Index fromNode toNode demand weightLimit(s) qthValue
1 66 77 1.000 718 862 24
2 47 11 1.000 860 892 17
3 79 41 1.000 566 706 16
4 56 32 1.000 1008 971 21
5 52 63 1.000 525 994 20
6 69 8 1.000 679 775 24
7 40 70 1.000 841 877 19
8 52 30 1.000 680 881 21
9 57 61 1.000 788 895 19
10 20 77 1.000 686 905 19
11 60 7 1.000 936 995 16
12 57 56 1.000 813 692 18
13 23 11 1.000 902 777 17
14 19 35 1.000 786 723 16
15 16 60 1.000 846 1007 23
16 49 12 1.000 1178 1097 25
17 10 61 1.000 715 801 22
18 3 72 1.000 701 867 22
19 67 77 1.000 581 764 24
20 44 10 1.000 877 814 24
21 66 31 1.000 646 1038 18
22 43 33 1.000 567 1181 19
23 52 8 1.000 464 761 16
24 80 2 1.000 875 796 20
25 58 50 1.000 895 648 24
26 11 48 1.000 824 1067 17
27 41 78 1.000 1003 1306 25
28 54 26 1.000 887 593 22
29 28 72 1.000 627 920 24
30 4 38 1.000 995 901 24
31 45 71 1.000 793 707 17
32 43 71 1.000 906 975 24
33 22 52 1.000 849 955 17
34 44 52 1.000 509 712 17
35 59 43 1.000 853 623 17
36 20 4 1.000 801 990 17
37 34 74 1.000 707 790 23
38 70 7 1.000 67 215 24
39 62 61 1.000 800 810 17
40 2 74 1.000 714 1035 23
41 31 12 1.000 809 572 15
42 41 15 1.000 650 1073 23
43 50 72 1.000 1013 671 17
44 43 11 1.000 775 1020 24
45 28 13 1.000 707 915 23
46 2 55 1.000 968 852 19
47 20 17 1.000 689 1052 18
48 31 4 1.000 806 879 25
49 29 61 1.000 886 648 17
50 77 5 1.000 514 967 16
51 35 8 1.000 542 773 16
52 77 15 1.000 875 860 25
53 20 12 1.000 620 956 16
54 40 64 1.000 763 872 21
55 80 49 1.000 671 727 22
56 43 36 1.000 1270 771 24
57 34 12 1.000 718 888 24
58 72 1 1.000 806 944 25
59 34 29 1.000 806 858 25
60 53 14 1.000 716 1063 20
61 44 71 1.000 719 708 20
62 18 14 1.000 735 889 17
63 52 67 1.000 731 947 16
64 24 25 1.000 904 815 25
65 9 65 1.000 611 906 22
66 79 47 1.000 765 549 22
67 28 19 1.000 612 917 17
68 53 16 1.000 660 801 15
69 62 30 1.000 955 931 23
70 64 37 1.000 758 1013 15
71 3 21 1.000 608 968 17
72 60 16 1.000 807 962 24
73 36 9 1.000 651 770 23
74 64 20 1.000 787 774 15
75 69 63 1.000 753 1015 22
76 75 31 1.000 863 943 15
77 74 20 1.000 957 561 23
78 53 75 1.000 1004 760 20
79 5 67 1.000 875 836 17
80 29 78 1.000 1004 1187 24
81 56 29 1.000 1018 673 17
82 3 54 1.000 560 888 15
83 18 41 1.000 616 683 21
84 69 52 1.000 633 962 22
85 79 39 1.000 720 630 15
86 24 30 1.000 822 1065 17
87 32 15 1.000 643 810 21
88 42 34 1.000 1401 996 21
89 53 76 1.000 656 860 21
90 8 27 1.000 1063 689 17
91 70 50 1.000 567 678 17
92 43 6 1.000 1022 938 24
93 68 19 1.000 50 67 25
94 19 28 1.000 1029 714 17
95 16 66 1.000 901 712 23
96 3 33 1.000 807 671 16
97 23 36 1.000 1079 911 25
98 48 73 1.000 750 732 17
99 4 71 1.000 862 808 19
100 44 58 1.000 727 735 17
101 73 7 1.000 895 1025 25
102 78 48 1.000 870 908 15
103 24 8 1.000 707 926 25
104 53 28 1.000 903 829 22
105 28 5 1.000 632 676 15
106 20 26 1.000 657 937 16
107 74 32 1.000 862 1091 25
108 42 22 1.000 893 1092 23
109 57 69 1.000 755 708 18
110 48 78 1.000 1079 1008 21
111 14 62 1.000 565 782 15
112 54 48 1.000 781 847 18
113 39 21 1.000 676 850 19
114 71 50 1.000 737 841 19
115 58 22 1.000 991 774 20
116 42 43 1.000 837 1080 24
117 55 29 1.000 761 828 18
118 63 77 1.000 907 849 20
119 37 78 1.000 907 1352 19
120 33 27 1.000 790 824 17
121 27 23 1.000 844 663 15
122 7 62 1.000 1009 746 23
123 24 4 1.000 791 1099 20
124 45 9 1.000 671 718 20
125 3 71 1.000 665 868 21
126 50 21 1.000 663 1057 17
127 73 34 1.000 800 1140 20
128 16 39 1.000 878 900 20
129 43 49 1.000 934 819 24
130 49 13 1.000 1062 1224 20
131 45 60 1.000 790 983 16
132 27 3 1.000 682 760 21
133 11 46 1.000 791 1019 23
134 73 56 1.000 826 591 21
135 15 38 1.000 1058 806 17
136 26 35 1.000 711 659 20
137 13 12 1.000 830 1082 22
138 63 25 1.000 989 785 18
139 39 1 1.000 602 874 23
140 11 5 1.000 661 894 16
141 80 6 1.000 658 1053 21
142 17 49 1.000 535 756 19
143 39 20 1.000 600 618 18
144 24 18 1.000 842 943 23
145 61 80 1.000 740 928 23
146 21 62 1.000 662 750 22
147 20 13 1.000 683 1024 19
148 16 67 1.000 858 1144 17
149 18 38 1.000 709 740 15
150 11 79 1.000 744 1040 24
151 66 47 1.000 656 775 21
152 68 74 1.000 646 808 24
153 20 43 1.000 898 762 24
154 24 76 1.000 853 794 20
155 67 74 1.000 546 855 22
156 64 5 1.000 668 880 15
157 4 58 1.000 748 1091 21
158 1 80 1.000 1234 1049 25
159 36 13 1.000 729 840 24
160 54 52 1.000 614 712 16
161 8 71 1.000 841 715 25
162 38 31 1.000 686 1003 23
163 22 2 1.000 948 876 19
164 71 43 1.000 954 597 15
165 48 77 1.000 500 886 15
166 54 35 1.000 623 789 17
167 53 36 1.000 949 718 19
168 28 34 1.000 1115 864 20
169 17 63 1.000 741 793 20
170 36 24 1.000 973 705 24
171 54 53 1.000 819 655 15
172 65 79 1.000 671 762 15
173 46 14 1.000 1022 1228 24
174 42 59 1.000 1122 889 24
175 56 6 1.000 771 996 15
176 48 75 1.000 893 847 17
177 15 28 1.000 887 1073 16
178 30 28 1.000 970 645 25
179 31 29 1.000 813 818 24
180 43 8 1.000 662 1064 23
181 43 59 1.000 992 893 17
182 16 21 1.000 801 865 22
183 75 21 1.000 815 972 23
184 7 25 1.000 1063 763 22
185 37 42 1.000 776 777 18
186 58 16 1.000 965 609 15
187 18 6 1.000 676 895 25
188 40 56 1.000 828 824 19
189 36 78 1.000 1080 1111 25
190 70 53 1.000 789 907 22
191 48 35 1.000 771 698 15
192 66 41 1.000 649 780 20
193 64 2 1.000 874 1099 23
194 62 11 1.000 830 819 21
195 40 71 1.000 700 987 20
196 35 19 1.000 701 891 19
197 1 27 1.000 1371 986 24
198 24 79 1.000 928 856 24
199 54 49 1.000 575 738 20
200 11 39 1.000 893 1069 16
201 68 48 1.000 855 822 22
202 13 76 1.000 806 922 20
203 50 27 1.000 748 1134 18
204 52 2 1.000 620 927 22
205 1 43 1.000 1204 723 21
206 51 54 1.000 637 801 15
207 56 7 1.000 1041 995 24
208 77 74 1.000 686 812 18
209 19 27 1.000 877 789 19
210 39 55 1.000 722 718 16
211 7 5 1.000 913 597 15
212 52 13 1.000 758 647 20
213 66 42 1.000 520 837 15
214 75 16 1.000 812 979 22
215 57 7 1.000 811 1130 22
216 30 37 1.000 551 855 23
217 37 45 1.000 747 870 22
218 7 77 1.000 992 758 22
219 70 6 1.000 858 668 15
220 69 4 1.000 813 893 15
221 28 44 1.000 843 707 22
222 54 8 1.000 598 809 24
223 73 71 1.000 803 746 22
224 33 19 1.000 714 837 16
225 68 22 1.000 767 712 21
226 45 79 1.000 720 844 22
227 47 55 1.000 1031 860 25
228 66 7 1.000 854 927 16
229 31 78 1.000 993 1204 22
230 31 30 1.000 849 826 19
231 33 55 1.000 572 947 20
232 29 43 1.000 687 805 21
233 49 31 1.000 997 1367 20
234 40 53 1.000 944 809 17
235 15 58 1.000 887 1046 18
236 21 55 1.000 729 811 21
237 31 47 1.000 597 747 15
238 51 23 1.000 828 1051 25
239 79 53 1.000 683 692 16
240 13 42 1.000 863 791 20
*Arcs: Index fromNode toNode fixedCost variableCost Weight(s)
1 5 54 28 3 202 234
2 5 79 56 6 82 129
3 79 45 61 9 195 62
4 54 71 31 3 232 96
5 45 35 14 2 220 114
6 5 52 63 10 139 183
7 54 76 25 1 95 92
8 76 9 68 3 175 215
9 79 72 33 3 115 97
10 52 6 23 4 120 254
11 6 17 32 5 121 259
12 79 33 47 5 212 214
13 52 73 45 8 154 59
14 79 21 77 15 23 89
15 72 80 35 2 227 181
16 6 20 50 9 57 140
17 80 3 45 3 114 226
18 76 59 67 6 190 200
19 73 18 67 3 112 146
20 18 53 28 3 252 160
21 18 57 18 4 150 228
22 52 64 76 10 72 128
23 3 37 39 5 81 139
24 17 69 79 6 24 48
25 21 43 58 3 47 154
26 79 61 56 4 66 121
27 52 29 41 6 122 181
28 29 16 25 2 230 148
29 69 55 52 5 127 165
30 69 46 89 12 201 191
31 53 26 49 4 98 173
32 18 30 33 6 131 112
33 3 62 11 3 139 209
34 29 11 44 2 202 60
35 30 63 47 8 250 158
36 52 25 43 6 194 88
37 21 10 41 7 74 224
38 59 75 70 8 175 168
39 9 24 29 3 210 105
40 59 70 78 12 135 54
41 6 34 29 3 256 133
42 61 36 53 4 116 52
43 11 2 57 2 190 229
44 53 23 65 5 89 64
45 54 74 45 8 71 133
46 24 39 48 2 191 222
47 36 38 6 1 118 97
48 54 56 63 11 170 54
49 17 41 60 7 94 186
50 73 28 15 2 216 105
51 2 60 72 8 125 218
52 29 77 71 10 202 188
53 37 42 67 10 36 146
54 38 48 37 7 85 248
55 6 50 71 11 134 156
56 10 12 2 1 161 149
57 63 78 22 3 240 254
58 69 22 44 1 110 229
59 21 65 30 2 258 105
60 26 1 72 9 57 191
61 65 4 59 2 203 185
62 59 15 73 8 140 205
63 25 40 40 4 143 179
64 61 47 20 3 120 168
65 54 66 55 6 134 184
66 41 27 18 1 177 104
67 26 68 40 4 116 208
68 33 44 69 4 44 82
69 71 13 16 1 243 152
70 68 19 48 4 50 67
71 70 7 75 4 67 215
72 44 31 38 4 61 164
73 20 8 23 4 110 208
74 59 51 13 2 216 96
75 38 58 49 4 126 236
76 79 14 48 2 67 218
77 31 32 56 5 208 135
78 30 67 55 9 68 108
79 9 49 52 2 160 233
80 54 5 30 4 140 148
81 79 54 46 7 158 175
82 45 54 41 8 137 197
83 71 79 8 2 275 242
84 35 54 66 8 73 76
85 52 54 53 10 73 168
86 76 5 47 1 105 160
87 9 52 56 8 142 149
88 72 35 41 7 187 155
89 6 71 37 4 189 64
90 17 35 47 8 61 135
91 33 52 47 7 180 221
92 73 71 66 13 223 120
93 21 17 64 8 142 176
94 80 71 59 9 98 224
95 20 54 78 5 128 214
96 3 54 57 1 110 109
97 59 35 34 3 250 134
98 18 45 33 1 93 100
99 53 3 22 3 150 98
100 57 53 37 6 88 136
101 64 54 28 5 150 258
102 37 33 57 2 77 142
103 69 5 49 5 121 206
104 43 71 32 5 202 188
105 61 53 32 7 83 264
106 29 80 53 9 140 134
107 16 72 58 6 146 65
108 55 45 38 5 159 61
109 46 20 34 5 225 67
110 26 29 50 10 199 86
111 30 18 43 8 89 234
112 62 55 66 9 82 219
113 11 62 38 5 65 189
114 63 45 31 3 180 151
115 25 20 54 6 237 126
116 10 5 33 4 101 151
117 75 69 88 6 115 22
118 24 6 32 1 156 189
119 70 53 53 10 120 71
120 34 35 48 4 133 100
121 36 20 50 1 205 240
122 2 63 14 3 128 271
123 23 9 58 10 164 136
124 74 43 46 3 178 248
125 39 70 49 6 218 126
126 38 59 74 4 138 24
127 56 69 37 4 235 70
128 41 62 14 1 249 200
129 28 69 76 6 79 67
130 60 36 44 5 237 97
131 77 56 37 1 242 120
132 42 16 54 8 128 149
133 48 35 50 8 157 91
134 50 62 53 3 47 178
135 12 64 53 8 129 119
136 78 9 45 3 201 77
137 22 9 53 2 180 127
138 65 10 42 1 146 100
139 1 41 69 13 213 140
140 4 50 61 6 145 59
141 15 60 35 1 116 262
142 40 33 35 4 243 134
143 47 40 37 3 169 126
144 66 65 48 6 113 187
145 27 79 36 6 229 95
146 68 26 76 12 199 132
147 44 59 75 12 151 182
148 13 9 76 14 160 182
149 19 40 28 2 203 209
150 7 2 40 5 180 72
151 31 20 61 6 162 51
152 8 9 67 7 143 112
153 51 43 40 7 113 172
154 58 46 43 5 104 102
155 14 34 30 5 164 237
156 32 75 46 2 195 199
157 67 22 38 1 210 97
158 49 42 68 8 119 219
159 52 68 28 6 99 263
160 12 79 26 4 147 261
161 35 48 41 1 130 184
162 18 65 47 3 80 90
163 57 28 65 7 123 160
164 39 79 48 8 213 205
165 58 39 35 2 262 66
166 39 29 69 5 165 46
167 58 13 37 1 96 212
168 16 15 67 11 189 159
169 73 70 22 1 110 245
170 65 68 24 1 91 225
171 27 33 40 3 239 58
172 44 77 37 3 133 162
173 55 31 66 5 56 210
174 39 15 59 10 149 153
175 55 37 74 3 43 168
176 36 21 21 3 160 196
177 68 8 32 6 91 103
178 35 11 51 5 232 82
179 60 54 66 6 116 198
180 14 30 49 4 80 75
181 66 49 73 11 165 30
182 65 5 37 6 88 122
183 23 49 61 2 90 107
184 16 64 44 1 189 190
185 70 58 49 2 131 184
186 51 28 61 6 220 44
187 17 57 55 5 226 223
188 36 56 24 4 235 228
189 17 4 80 8 174 44
190 78 28 25 3 260 241
191 66 64 50 7 53 133
192 5 8 91 6 56 100
193 28 47 70 5 135 150
194 17 72 7 1 199 146
195 47 77 60 3 103 133
196 58 24 17 1 282 111
197 8 50 41 7 84 108
198 32 17 17 4 84 102
199 13 15 66 7 214 90
200 18 52 66 12 190 182
201 61 20 45 7 93 111
202 27 38 41 4 159 58
203 34 39 48 6 165 172
204 66 72 79 14 96 170
205 44 10 50 5 68 169
206 72 23 53 5 120 223
207 45 37 59 9 216 104
208 71 76 30 4 196 232
209 80 72 37 6 153 67
210 8 33 77 12 104 71
211 78 59 58 7 201 145
212 79 9 66 13 164 151
213 11 49 28 4 156 210
214 72 25 39 4 179 70
215 77 64 68 4 29 216
216 40 43 79 15 148 38
217 70 8 53 10 173 145
218 9 47 65 5 169 200
219 55 17 34 4 152 85
220 45 56 51 6 242 204
221 17 74 34 4 179 207
222 79 47 73 3 142 139
223 79 46 68 10 84 220
224 37 50 53 4 184 209
225 19 49 37 2 206 135
226 17 15 31 4 69 157
227 26 18 81 9 17 72
228 47 11 44 3 125 155
229 15 73 41 7 245 174
230 38 42 68 2 169 73
231 78 63 50 9 86 59
232 70 26 49 2 130 77
233 18 77 52 5 112 165
234 68 47 44 3 155 120
235 35 20 55 9 148 82
236 72 21 26 3 220 257
237 28 56 23 4 138 261
238 25 1 43 2 106 224
239 32 26 58 2 145 229
240 29 52 49 7 82 242
241 29 57 54 5 95 230
242 31 8 62 1 59 72
243 5 49 73 14 58 177
244 77 69 58 2 142 39
245 77 72 20 1 186 152
246 43 58 59 5 74 155
247 61 26 59 11 181 221
248 44 49 41 8 187 152
249 44 68 59 11 100 175
250 28 26 81 4 150 197
251 43 63 14 2 243 281
252 68 9 18 4 246 89
253 56 61 66 8 163 162
254 33 46 79 14 187 101
255 73 42 37 2 71 157
256 11 50 32 2 101 142
257 48 51 64 7 229 185
258 9 12 59 9 187 130
259 32 27 76 14 21 61
260 12 3 26 5 94 234
261 27 60 61 9 75 177
262 48 9 22 2 206 189
263 41 47 62 11 74 137
264 61 6 35 7 216 166
265 64 25 56 9 93 233
266 9 41 70 6 90 130
267 67 44 84 2 94 51
268 9 63 34 5 77 257
269 16 1 46 4 116 88
270 18 2 26 2 75 273
271 34 15 24 5 81 203
272 71 42 11 1 210 96
273 12 70 44 2 185 94
274 74 73 48 2 167 131
275 14 42 22 1 83 80
276 25 66 54 2 120 143
277 68 73 70 8 193 112
278 62 35 25 5 236 151
279 2 45 33 4 229 158
280 26 4 39 4 159 123
281 74 54 27 5 224 162
282 36 54 52 9 219 158
283 10 68 69 9 183 135
284 44 20 60 8 52 64
285 21 3 44 7 125 82
286 34 11 52 2 130 120
287 17 2 35 4 167 103
288 48 12 65 8 34 199
289 30 32 39 8 241 125
290 5 22 53 3 224 167
291 80 18 49 5 171 144
292 66 77 52 4 124 192
293 50 3 42 1 187 156
294 14 66 35 7 177 92
295 56 38 18 3 226 217
296 39 69 46 7 62 117
297 7 38 30 4 139 160
298 40 75 52 2 110 199
299 30 61 53 9 211 62
300 79 20 41 4 226 61
301 67 69 69 11 31 58
302 48 61 35 6 260 191
303 6 16 65 6 144 94
304 45 50 48 4 105 85
305 4 41 57 5 82 49
306 28 33 64 2 217 205
307 31 11 50 9 129 47
308 66 13 22 5 81 203
309 19 12 43 7 64 81
310 63 11 63 12 57 182
311 12 39 43 4 141 71
312 34 31 40 6 211 187
313 67 32 41 7 141 147
314 57 13 16 2 251 252
315 38 25 68 12 116 179
316 16 69 8 2 137 110
317 28 46 11 1 107 115
318 76 13 40 3 160 231
319 52 43 23 5 149 176
320 41 42 29 6 181 140
