*Parameters
ProblemName RBWQN50A200C200W2MM_S1025
netGenMethod 2
netConnMethod 1
comGenMethod 1
weightlimitGenMethod 0
num_weights 2
num_nodes 50
num_arcs 200
num_commodities 200
seed_num 1025
arc_span 2
num_comm_hop_lb 1
num_comm_hop_ub 1
q_lb 15.00
q_ub 25.00
rw_lb 0.00
rw_ub 1.00
demand_lb 1.00
demand_ub 1.00
variableCostAlpha 0.10
variableCostBeta 0.10000
rewire_ratio 0.10
euc_random_ratio 0.50
Fcost_random_ratio 0.50
cost_scale 100
weight_scale 200
*Commodities: Index fromNode toNode demand weightLimit(s) qthValue
1 48 17 1.000 762 971 19
2 14 37 1.000 640 737 17
3 32 6 1.000 959 1165 16
4 48 4 1.000 693 854 23
5 49 17 1.000 744 811 16
6 21 18 1.000 779 899 24
7 8 42 1.000 873 1052 22
8 27 30 1.000 852 945 17
9 50 8 1.000 759 892 24
10 34 27 1.000 654 770 23
11 48 9 1.000 601 924 17
12 43 3 1.000 878 700 19
13 9 26 1.000 553 719 18
14 34 26 1.000 565 796 22
15 13 46 1.000 696 875 20
16 17 26 1.000 776 752 15
17 28 44 1.000 611 840 19
18 13 7 1.000 614 710 20
19 22 4 1.000 717 887 22
20 5 49 1.000 745 1016 24
21 20 18 1.000 668 584 17
22 14 50 1.000 934 727 23
23 29 5 1.000 586 1156 22
24 2 6 1.000 1031 882 16
25 47 29 1.000 618 832 19
26 5 25 1.000 537 1015 18
27 21 43 1.000 740 1012 18
28 10 32 1.000 805 769 22
29 42 36 1.000 728 898 25
30 35 25 1.000 677 859 16
31 37 9 1.000 534 695 19
32 26 42 1.000 941 886 23
33 42 10 1.000 1146 644 19
34 28 1 1.000 462 885 22
35 36 42 1.000 1061 1325 21
36 22 26 1.000 704 937 21
37 28 31 1.000 885 664 16
38 7 42 1.000 876 984 17
39 5 11 1.000 691 902 24
40 48 14 1.000 628 981 15
41 41 35 1.000 820 1121 22
42 30 47 1.000 998 572 23
43 27 40 1.000 958 818 16
44 35 21 1.000 690 913 24
45 21 32 1.000 910 786 24
46 37 26 1.000 421 802 16
47 29 31 1.000 901 712 19
48 36 24 1.000 1110 1094 22
49 27 14 1.000 528 1038 17
50 40 24 1.000 1101 822 23
51 26 19 1.000 863 810 25
52 46 18 1.000 572 610 25
53 7 29 1.000 734 1018 23
54 14 44 1.000 674 960 22
55 27 20 1.000 716 908 21
56 13 22 1.000 725 750 25
57 36 48 1.000 1347 880 19
58 9 38 1.000 741 816 21
59 28 4 1.000 533 812 21
60 50 37 1.000 860 695 23
61 2 46 1.000 797 1095 17
62 25 48 1.000 957 1333 24
63 39 14 1.000 900 603 19
64 29 1 1.000 727 649 23
65 19 11 1.000 658 694 15
66 10 34 1.000 645 995 22
67 38 18 1.000 610 705 18
68 17 48 1.000 871 819 17
69 46 15 1.000 644 630 21
70 43 19 1.000 574 1052 16
71 47 49 1.000 650 897 19
72 11 9 1.000 527 671 16
73 27 50 1.000 852 831 25
74 14 16 1.000 1039 577 24
75 13 6 1.000 568 952 16
76 27 28 1.000 773 744 18
77 12 28 1.000 668 577 16
78 19 17 1.000 901 767 20
79 17 46 1.000 815 1048 19
80 12 13 1.000 586 684 20
81 26 34 1.000 759 686 19
82 40 27 1.000 834 938 20
83 30 1 1.000 579 596 15
84 29 14 1.000 545 825 16
85 20 37 1.000 438 720 17
86 38 50 1.000 552 937 24
87 31 36 1.000 632 1048 21
88 10 4 1.000 791 713 21
89 16 10 1.000 929 723 18
90 15 16 1.000 706 672 19
91 28 29 1.000 732 648 18
92 37 31 1.000 755 767 23
93 25 47 1.000 1047 1205 21
94 46 27 1.000 588 599 17
95 42 3 1.000 764 845 18
96 49 22 1.000 867 666 24
97 5 24 1.000 871 876 24
98 35 2 1.000 921 682 22
99 22 39 1.000 800 801 19
100 50 20 1.000 973 597 18
101 7 36 1.000 745 856 15
102 34 8 1.000 758 829 25
103 8 43 1.000 756 899 17
104 50 45 1.000 578 745 16
105 19 32 1.000 787 663 15
106 14 29 1.000 1047 632 21
107 30 40 1.000 776 772 23
108 49 43 1.000 820 726 21
109 37 10 1.000 757 818 19
110 10 18 1.000 845 664 18
111 32 20 1.000 1019 1052 20
112 23 49 1.000 671 857 15
113 50 30 1.000 913 713 17
114 21 41 1.000 692 1101 17
115 44 29 1.000 657 807 22
116 4 46 1.000 617 801 18
117 47 28 1.000 605 775 19
118 40 17 1.000 989 851 15
119 2 40 1.000 885 1080 19
120 5 14 1.000 671 986 21
121 22 23 1.000 890 835 21
122 38 16 1.000 641 675 17
123 26 17 1.000 985 852 25
124 33 26 1.000 759 777 17
125 20 6 1.000 753 819 19
126 3 42 1.000 943 758 15
127 36 41 1.000 1063 1145 17
128 28 43 1.000 793 667 21
129 49 12 1.000 816 739 16
130 24 39 1.000 640 936 22
131 21 7 1.000 710 904 19
132 26 21 1.000 674 822 18
133 36 9 1.000 793 1251 23
134 30 17 1.000 673 783 23
135 34 4 1.000 690 627 20
136 21 11 1.000 552 1178 21
137 14 48 1.000 981 741 18
138 46 11 1.000 696 381 16
139 11 12 1.000 744 617 17
140 43 16 1.000 764 813 20
141 12 39 1.000 644 758 24
142 16 50 1.000 836 753 21
143 10 3 1.000 733 858 18
144 15 22 1.000 736 689 22
145 46 13 1.000 677 444 17
146 5 17 1.000 776 924 15
147 23 17 1.000 571 988 17
148 1 13 1.000 579 749 16
149 26 11 1.000 707 835 25
150 4 42 1.000 714 937 24
151 13 48 1.000 713 734 16
152 24 32 1.000 776 727 16
153 31 42 1.000 933 1024 19
154 21 2 1.000 835 832 19
155 27 34 1.000 791 653 16
156 47 27 1.000 677 808 19
157 17 5 1.000 988 1002 24
158 41 17 1.000 924 885 24
159 44 30 1.000 691 892 15
160 3 40 1.000 862 896 24
161 27 25 1.000 696 824 15
162 3 6 1.000 949 645 18
163 20 29 1.000 683 675 15
164 50 38 1.000 879 720 19
165 19 15 1.000 815 739 22
166 13 43 1.000 594 926 25
167 17 16 1.000 839 777 25
168 46 36 1.000 626 566 15
169 36 8 1.000 1063 1105 20
170 27 8 1.000 923 947 25
171 43 22 1.000 737 731 16
172 38 25 1.000 655 762 24
173 35 16 1.000 853 711 21
174 47 21 1.000 729 727 17
175 29 21 1.000 678 817 22
176 44 49 1.000 701 817 20
177 3 47 1.000 1060 620 19
178 50 42 1.000 92 176 15
179 11 37 1.000 591 659 23
180 31 43 1.000 866 812 19
181 27 24 1.000 855 898 21
182 44 4 1.000 525 697 15
183 21 22 1.000 886 859 21
184 35 43 1.000 782 799 19
185 12 35 1.000 599 998 19
186 35 14 1.000 540 898 15
187 17 22 1.000 815 741 17
188 49 3 1.000 793 790 15
189 50 2 1.000 760 750 22
190 46 40 1.000 591 860 22
191 37 17 1.000 900 594 18
192 14 45 1.000 781 821 16
193 26 23 1.000 740 842 24
194 5 44 1.000 782 858 20
195 17 10 1.000 973 796 15
196 47 45 1.000 479 823 25
197 23 12 1.000 707 754 16
198 20 45 1.000 524 803 22
199 36 3 1.000 939 1235 23
200 12 31 1.000 875 795 24
*Arcs: Index fromNode toNode fixedCost variableCost Weight(s)
1 11 4 62 3 166 85
2 4 9 59 8 84 163
3 9 37 11 1 152 260
4 4 34 58 11 62 82
5 11 23 58 9 71 43
6 11 18 52 2 167 189
7 23 46 59 2 126 170
8 23 21 54 7 213 175
9 34 7 59 8 146 176
10 37 22 42 2 239 173
11 22 50 22 4 90 280
12 37 13 46 8 147 120
13 46 30 49 5 100 170
14 13 45 46 5 60 195
15 11 8 44 7 60 168
16 30 47 77 2 75 159
17 34 49 36 2 79 141
18 46 14 40 6 244 200
19 18 12 80 12 177 42
20 34 20 37 8 177 131
21 30 38 47 7 215 103
22 49 19 49 3 55 60
23 19 28 59 4 230 69
24 19 16 59 10 81 201
25 12 10 36 1 152 81
26 12 24 31 2 172 170
27 37 15 57 8 186 176
28 8 40 14 1 213 94
29 19 3 52 10 161 181
30 37 27 46 6 130 145
31 12 44 79 13 185 38
32 27 17 40 3 152 122
33 30 5 33 4 223 161
34 50 36 48 6 155 242
35 15 1 44 5 106 228
36 50 42 55 6 92 176
37 18 26 59 4 49 191
38 47 6 65 12 85 101
39 21 25 71 13 213 216
40 28 48 58 9 220 86
41 13 29 40 7 78 231
42 12 2 53 5 115 226
43 12 31 35 4 188 92
44 44 39 43 9 85 203
45 6 33 47 7 67 254
46 47 35 60 9 57 139
47 31 32 55 9 150 72
48 44 43 50 6 102 154
49 28 41 23 5 193 280
50 4 11 39 1 243 262
51 9 4 53 6 61 204
52 37 4 41 5 93 214
53 34 37 55 9 218 125
54 23 9 37 1 217 234
55 18 37 45 2 110 222
56 46 18 61 9 161 222
57 21 4 65 13 212 217
58 7 37 27 1 177 204
59 22 7 47 3 64 63
60 50 37 67 12 224 106
61 13 18 51 8 184 89
62 30 37 32 3 211 80
63 45 37 42 2 198 79
64 8 23 24 4 250 269
65 47 13 18 4 138 119
66 49 47 27 3 170 218
67 14 45 24 1 81 194
68 12 46 62 1 44 222
69 20 14 54 5 76 131
70 38 7 65 9 83 141
71 19 14 76 4 146 129
72 28 37 39 2 97 118
73 16 38 47 5 137 200
74 10 38 27 2 200 185
75 24 9 22 4 151 164
76 15 10 21 3 227 148
77 40 7 29 4 272 83
78 3 28 64 11 110 73
79 27 8 33 5 133 110
80 44 13 41 4 154 142
81 17 45 66 11 212 196
82 5 15 37 3 90 73
83 36 14 18 1 210 284
84 1 9 87 4 19 190
85 42 21 44 1 141 225
86 26 17 50 4 160 164
87 6 17 44 4 241 163
88 25 27 24 4 239 267
89 48 7 22 2 113 126
90 29 21 47 8 81 107
91 2 22 66 12 153 168
92 31 23 17 2 194 149
93 39 9 30 5 122 90
94 33 26 60 6 52 140
95 35 22 57 2 82 58
96 32 22 26 5 153 192
97 43 33 37 5 180 186
98 41 24 17 4 272 113
99 38 6 7 2 207 132
100 16 30 5 1 171 193
101 1 33 13 3 257 143
102 9 18 59 11 195 234
103 23 3 32 4 176 263
104 18 24 56 5 119 184
105 30 43 52 4 170 116
106 20 2 29 3 195 269
107 26 41 61 4 208 189
108 18 13 16 2 136 178
109 27 2 18 3 285 172
110 4 28 25 4 116 168
111 10 48 76 2 42 136
112 41 39 26 4 89 151
113 33 16 67 12 56 61
114 8 21 44 6 139 126
115 30 34 47 9 206 117
116 49 32 45 1 238 66
117 1 36 67 11 33 137
118 37 9 7 2 298 232
119 17 23 50 9 207 74
120 19 41 19 1 136 158
121 46 33 51 8 196 224
122 20 15 37 3 211 246
123 9 2 43 7 182 134
124 46 13 57 3 219 101
125 14 39 63 11 176 67
126 17 6 72 3 155 201
127 38 27 62 6 189 49
128 18 47 41 8 243 121
129 26 33 66 4 222 79
130 6 3 32 4 142 107
131 35 32 33 7 172 231
132 20 25 19 3 238 144
133 47 31 35 3 145 136
134 29 33 62 2 103 207
135 26 40 76 12 166 159
136 39 2 42 3 192 133
137 50 15 34 4 199 146
138 15 28 57 5 49 169
139 29 44 69 3 57 112
140 29 6 17 1 282 95
141 43 12 50 9 51 218
142 1 45 57 7 62 235
143 45 32 43 4 210 117
144 26 32 53 9 221 57
145 3 50 12 1 204 222
146 27 39 56 4 130 242
147 42 49 44 5 75 195
148 33 45 30 4 100 99
149 9 7 17 1 236 235
150 35 46 34 3 226 224
151 26 13 24 2 167 106
152 37 18 54 3 203 55
153 15 25 69 7 56 165
154 13 20 59 4 165 196
155 39 44 8 2 286 111
156 42 28 76 15 197 81
157 11 21 55 11 82 114
158 29 19 67 3 213 79
159 46 20 62 4 45 78
160 45 14 12 2 144 187
161 9 25 46 6 177 157
162 3 16 58 9 155 91
163 10 50 48 6 112 213
164 24 35 57 8 91 180
165 48 16 23 3 274 90
166 38 34 66 13 74 101
167 27 43 58 6 162 227
168 38 50 56 2 90 164
169 30 28 41 5 67 198
170 28 39 39 7 125 144
171 40 3 72 11 165 139
172 27 32 59 9 197 63
173 45 11 35 2 180 172
174 9 29 62 11 162 127
175 31 45 41 7 232 123
176 49 11 28 2 259 270
177 2 50 66 1 186 177
178 35 14 36 3 244 242
179 46 34 77 4 46 175
180 15 45 22 5 109 270
181 48 50 60 6 96 159
182 20 4 45 4 80 67
183 4 1 96 9 9 80
184 27 36 49 2 232 121
185 37 3 29 2 209 188
186 15 48 30 2 256 167
187 15 50 48 6 111 141
188 12 25 59 7 151 215
189 42 16 22 3 275 135
190 46 26 89 9 33 74
191 39 4 27 4 201 213
192 37 43 50 7 216 109
193 28 33 80 8 206 193
194 47 5 48 3 157 121
195 44 11 49 9 173 79
196 8 27 53 8 96 231
197 45 22 18 3 278 104
198 22 31 14 1 183 206
199 34 11 68 13 91 122
200 8 7 16 1 144 169
